0 13 0
1 27 0
2 40 0
3 52 0
4 38 0
5 53 0
6 54 0
7 65 0
8 63 0
9 77 0
10 76 0
11 87 0
12 77 0
13 67 0
14 80 0
15 83 0
16 72 0
17 86 0
18 100 1
19 88 0
20 100 1
21 83 0
22 72 0
23 64 0
24 58 0
25 51 0
26 64 0
27 74 0
28 86 0
29 99 0
30 100 1
31 83 0
32 94 0
33 88 0
34 100 1
35 81 0
36 77 0
37 89 0
38 100 1
39 100 2
40 89 0
41 73 0
42 84 0
43 96 0
44 100 1
45 71 0
46 69 0
47 49 0
48 34 0
49 48 0
50 46 0
51 42 0
52 36 0
53 48 0
54 29 0
55 41 0
56 28 0
57 39 0
58 51 0
59 45 0
60 59 0
61 54 0
62 65 0
63 77 0
64 92 0
65 77 0
66 91 0
67 100 1
68 74 0
69 84 0
70 88 0
71 100 1
72 100 2
73 100 3
74 76 0
75 77 0
76 92 0
77 70 0
78 55 0
79 37 0
80 50 0
81 45 0
82 58 0
83 48 0
84 32 0
85 46 0
86 46 0
87 27 0
88 41 0
89 37 0
90 49 0
91 60 0
92 64 0
93 62 0
94 72 0
95 87 0
96 73 0
97 66 0
98 59 0
99 53 0
100 52 0
101 45 0
102 27 0
103 40 0
104 34 0
105 47 0
106 62 0
107 54 0
108 66 0
109 61 0
110 76 0
111 86 0
112 71 0
113 85 0
114 100 1
115 76 0
116 89 0
117 75 0
118 66 0
119 52 0
120 47 0
121 61 0
122 45 0
123 57 0
124 43 0
125 54 0
126 41 0
127 56 0
128 58 0
129 46 0
130 60 0
131 71 0
132 86 0
133 100 1
134 85 0
135 79 0
136 93 0
137 100 1
138 100 2
139 78 0
140 62 0
141 74 0
142 84 0
143 95 0
144 75 0
145 85 0
146 86 0
147 100 1
148 70 0
149 70 0
150 82 0
151 80 0
152 77 0
153 90 0
154 75 0
155 72 0
156 58 0
157 58 0
158 59 0
159 71 0
160 81 0
161 91 0
162 71 0
163 84 0
164 82 0
165 92 0
166 75 0
167 76 0
168 90 0
169 83 0
170 74 0
171 67 0
172 78 0
173 72 0
174 82 0
175 76 0
176 87 0
177 97 0
178 100 1
179 100 2
180 100 3
181 100 4
182 100 5
183 84 0
184 97 0
185 100 1
186 88 0
187 84 0
188 98 0
189 71 0
190 81 0
191 67 0
192 62 0
193 75 0
194 72 0
195 83 0
196 71 0
197 67 0
198 59 0
199 73 0
200 88 0
201 99 0
202 76 0
203 63 0
204 76 0
205 86 0
206 100 1
207 72 0
208 63 0
209 75 0
210 87 0
211 82 0
212 96 0
213 100 1
214 100 2
215 100 3
216 100 4
217 87 0
218 98 0
219 81 0
220 81 0
221 78 0
222 93 0
223 100 1
224 84 0
225 71 0
226 85 0
227 79 0
228 68 0
229 78 0
230 75 0
231 85 0
232 67 0
233 47 0
234 61 0
235 52 0
236 36 0
237 48 0
238 58 0
239 70 0
240 81 0
241 92 0
242 100 1
243 100 2
244 75 0
245 66 0
246 56 0
247 59 0
248 42 0
249 53 0
250 47 0
251 34 0
252 46 0
253 57 0
254 48 0
255 36 0
256 47 0
257 61 0
258 45 0
259 41 0
260 56 0
261 67 0
262 61 0
263 73 0
264 66 0
265 81 0
266 66 0
267 59 0
268 72 0
269 56 0
270 56 0
271 68 0
272 81 0
273 84 0
274 68 0
275 79 0
276 93 0
277 86 0
278 85 0
279 100 1
280 100 2
281 100 3
282 100 4
283 76 0
284 91 0
285 88 0
286 79 0
287 92 0
288 76 0
289 91 0
290 80 0
291 72 0
292 66 0
293 77 0
294 66 0
295 79 0
296 65 0
297 78 0
298 90 0
299 100 1
300 80 0
301 71 0
302 67 0
303 53 0
304 45 0
305 56 0
306 49 0
307 39 0
308 53 0
309 45 0
310 45 0
311 38 0
312 48 0
313 58 0
314 58 0
315 69 0
316 64 0
317 78 0
318 66 0
319 79 0
320 63 0
321 56 0
322 51 0
323 65 0
324 78 0
325 88 0
326 81 0
327 85 0
328 98 0
329 81 0
330 68 0
331 51 0
332 64 0
333 62 0
334 76 0
335 72 0
336 83 0
337 79 0
338 72 0
339 57 0
340 71 0
341 60 0
342 44 0
343 55 0
344 41 0
345 51 0
346 65 0
347 53 0
348 47 0
349 57 0
350 67 0
351 53 0
352 68 0
353 55 0
354 52 0
355 39 0
356 49 0
357 42 0
358 55 0
359 68 0
360 78 0
361 61 0
362 74 0
363 86 0
364 96 0
365 100 1
366 75 0
367 62 0
368 72 0
369 82 0
370 94 0
371 100 1
372 100 2
373 100 3
374 100 4
375 100 5
376 100 6
377 100 7
378 88 0
379 90 0
380 87 0
381 99 0
382 86 0
383 83 0
384 76 0
385 90 0
386 100 1
387 100 2
388 73 0
389 83 0
390 98 0
391 100 1
392 76 0
393 89 0
394 78 0
395 61 0
396 74 0
397 84 0
398 67 0
399 80 0
400 72 0
401 82 0
402 77 0
403 64 0
404 79 0
405 81 0
406 91 0
407 89 0
408 70 0
409 69 0
410 84 0
411 94 0
412 83 0
413 97 0
414 84 0
415 68 0
416 51 0
417 61 0
418 59 0
419 52 0
420 62 0
421 72 0
422 69 0
423 70 0
424 81 0
425 95 0
426 77 0
427 88 0
428 100 1
429 100 2
430 82 0
431 83 0
432 85 0
433 97 0
434 100 1
435 74 0
436 86 0
437 96 0
438 100 1
439 87 0
440 98 0
441 88 0
442 100 1
443 76 0
444 62 0
445 56 0
446 67 0
447 82 0
448 74 0
449 69 0
450 79 0
451 62 0
452 49 0
453 47 0
454 60 0
455 73 0
456 65 0
457 58 0
458 44 0
459 57 0
460 44 0
461 33 0
462 43 0
463 54 0
464 64 0
465 74 0
466 89 0
467 100 1
468 72 0
469 85 0
470 100 1
471 81 0
472 66 0
473 67 0
474 79 0
475 94 0
476 100 1
477 100 2
478 73 0
479 84 0
480 98 0
481 75 0
482 64 0
483 64 0
484 66 0
485 71 0
486 65 0
487 75 0
488 90 0
489 73 0
490 87 0
491 79 0
492 68 0
493 81 0
494 65 0
495 79 0
496 73 0
497 58 0
498 57 0
499 58 0
500 72 0
501 82 0
502 65 0
503 58 0
504 44 0
505 58 0
506 69 0
507 58 0
508 69 0
509 56 0
510 50 0
511 63 0
512 77 0
513 63 0
514 76 0
515 78 0
516 80 0
517 90 0
518 83 0
519 71 0
520 85 0
521 79 0
522 74 0
523 69 0
524 80 0
525 77 0
526 92 0
527 100 1
528 100 2
529 73 0
530 88 0
531 99 0
532 81 0
533 77 0
534 80 0
535 93 0
536 90 0
537 100 1
538 100 2
539 89 0
540 100 1
541 100 2
542 77 0
543 78 0
544 93 0
545 100 1
546 100 2
547 100 3
548 72 0
549 86 0
550 97 0
551 78 0
552 67 0
553 52 0
554 34 0
555 48 0
556 50 0
557 65 0
558 77 0
559 92 0
560 100 1
561 82 0
562 75 0
563 71 0
564 54 0
565 67 0
566 63 0
567 73 0
568 67 0
569 64 0
570 78 0
571 61 0
572 50 0
573 63 0
574 57 0
575 40 0
576 33 0
577 43 0
578 56 0
579 71 0
580 86 0
581 97 0
582 100 1
583 100 2
584 100 3
585 85 0
586 76 0
587 90 0
588 83 0
589 98 0
590 100 1
591 100 2
592 78 0
593 72 0
594 74 0
595 66 0
596 81 0
597 91 0
598 80 0
599 91 0
600 100 1
601 84 0
602 95 0
603 72 0
604 82 0
605 96 0
606 100 1
607 100 2
608 100 3
609 71 0
610 86 0
611 100 1
612 77 0
613 92 0
614 86 0
615 98 0
616 84 0
617 95 0
618 100 1
619 100 2
620 100 3
621 100 4
622 81 0
623 84 0
624 69 0
625 62 0
626 64 0
627 75 0
628 75 0
629 85 0
630 100 1
631 80 0
632 80 0
633 90 0
634 86 0
635 73 0
636 76 0
637 73 0
638 65 0
639 50 0
640 60 0
641 45 0
642 36 0
643 48 0
644 37 0
645 51 0
646 65 0
647 76 0
648 62 0
649 62 0
650 50 0
651 47 0
652 49 0
653 35 0
654 47 0
655 37 0
656 40 0
657 34 0
658 44 0
659 58 0
660 52 0
661 51 0
662 38 0
663 51 0
664 48 0
665 43 0
666 43 0
667 31 0
668 43 0
669 55 0
670 70 0
671 81 0
672 93 0
673 75 0
674 62 0
675 60 0
676 75 0
677 60 0
678 41 0
679 31 0
680 46 0
681 36 0
682 48 0
683 48 0
684 38 0
685 53 0
686 53 0
687 49 0
688 61 0
689 60 0
690 54 0
691 56 0
692 50 0
693 54 0
694 38 0
695 51 0
696 62 0
697 60 0
698 75 0
699 75 0
700 73 0
701 88 0
702 100 1
703 100 2
704 78 0
705 90 0
706 100 1
707 100 2
708 71 0
709 74 0
710 84 0
711 66 0
712 77 0
713 73 0
714 83 0
715 97 0
716 74 0
717 88 0
718 73 0
719 87 0
720 72 0
721 62 0
722 60 0
723 53 0
724 39 0
725 49 0
726 47 0
727 57 0
728 42 0
729 43 0
730 28 0
731 39 0
732 50 0
733 61 0
734 76 0
735 76 0
736 61 0
737 72 0
738 63 0
739 78 0
740 88 0
741 87 0
742 83 0
743 74 0
744 88 0
745 99 0
746 100 1
747 100 2
748 100 3
749 100 4
750 70 0
751 83 0
752 70 0
753 73 0
754 54 0
755 67 0
756 78 0
757 79 0
758 92 0
759 80 0
760 90 0
761 89 0
762 100 1
763 76 0
764 75 0
765 77 0
766 90 0
767 79 0
768 75 0
769 86 0
770 82 0
771 96 0
772 86 0
773 83 0
774 82 0
775 97 0
776 72 0
777 73 0
778 84 0
779 95 0
780 100 1
781 74 0
782 66 0
783 55 0
784 46 0
785 60 0
786 57 0
787 50 0
788 60 0
789 51 0
790 39 0
791 51 0
792 61 0
793 73 0
794 64 0
795 76 0
796 87 0
797 76 0
798 86 0
799 79 0
800 92 0
801 70 0
802 57 0
803 60 0
804 49 0
805 36 0
806 46 0
807 36 0
808 48 0
809 38 0
810 50 0
811 35 0
812 49 0
813 42 0
814 54 0
815 65 0
816 79 0
817 80 0
818 70 0
819 52 0
820 66 0
821 68 0
822 82 0
823 95 0
824 100 1
825 100 2
826 100 3
827 84 0
828 70 0
829 80 0
830 64 0
831 63 0
832 57 0
833 59 0
834 61 0
835 75 0
836 66 0
837 79 0
838 92 0
839 74 0
840 87 0
841 84 0
842 72 0
843 59 0
844 72 0
845 70 0
846 66 0
847 65 0
848 66 0
849 48 0
850 59 0
851 50 0
852 60 0
853 73 0
854 86 0
855 100 1
856 71 0
857 65 0
858 80 0
859 94 0
860 82 0
861 97 0
862 100 1
863 70 0
864 57 0
865 39 0
866 39 0
867 50 0
868 65 0
869 65 0
870 76 0
871 77 0
872 71 0
873 60 0
874 74 0
875 68 0
876 81 0
877 94 0
878 74 0
879 84 0
880 96 0
881 100 1
882 87 0
883 74 0
884 62 0
885 74 0
886 85 0
887 80 0
888 93 0
889 85 0
890 95 0
891 100 1
892 82 0
893 72 0
894 83 0
895 86 0
896 100 1
897 89 0
898 100 1
899 85 0
900 99 0
901 100 1
902 100 2
903 100 3
904 85 0
905 75 0
906 88 0
907 99 0
908 100 1
909 70 0
910 80 0
911 94 0
912 100 1
913 100 2
914 79 0
915 90 0
916 70 0
917 83 0
918 97 0
919 100 1
920 100 2
921 75 0
922 85 0
923 96 0
924 88 0
925 87 0
926 98 0
927 100 1
928 100 2
929 71 0
930 68 0
931 83 0
932 70 0
933 84 0
934 82 0
935 94 0
936 100 1
937 71 0
938 76 0
939 70 0
940 66 0
941 62 0
942 73 0
943 65 0
944 76 0
945 71 0
946 82 0
947 80 0
948 78 0
949 92 0
950 78 0
951 92 0
952 88 0
953 81 0
954 92 0
955 86 0
956 97 0
957 71 0
958 60 0
959 73 0
960 57 0
961 67 0
962 79 0
963 64 0
964 50 0
965 46 0
966 42 0
967 57 0
968 70 0
969 57 0
970 69 0
971 51 0
972 65 0
973 75 0
974 72 0
975 55 0
976 66 0
977 48 0
978 29 0
979 41 0
980 54 0
981 65 0
982 75 0
983 87 0
984 74 0
985 88 0
986 100 1
987 76 0
988 64 0
989 78 0
990 67 0
991 81 0
992 70 0
993 60 0
994 72 0
995 56 0
996 68 0
997 82 0
998 78 0
999 66 0
1000 81 0
1001 80 0
1002 95 0
1003 81 0
1004 82 0
1005 81 0
1006 91 0
1007 86 0
1008 70 0
1009 52 0
1010 62 0
1011 56 0
1012 41 0
1013 27 0
1014 37 0
1015 21 0
1016 36 0
1017 29 0
1018 39 0
1019 49 0
1020 64 0
1021 79 0
1022 76 0
1023 88 0
1024 80 0
1025 95 0
1026 100 1
1027 81 0
1028 76 0
1029 91 0
1030 79 0
1031 93 0
1032 100 1
1033 89 0
1034 73 0
1035 58 0
1036 73 0
1037 61 0
1038 57 0
1039 54 0
1040 66 0
1041 52 0
1042 64 0
1043 62 0
1044 77 0
1045 70 0
1046 82 0
1047 69 0
1048 81 0
1049 96 0
1050 100 1
1051 74 0
1052 86 0
1053 97 0
1054 100 1
1055 84 0
1056 84 0
1057 97 0
1058 100 1
1059 100 2
1060 71 0
1061 85 0
1062 86 0
1063 96 0
1064 79 0
1065 77 0
1066 92 0
1067 100 1
1068 89 0
1069 90 0
1070 70 0
1071 81 0
1072 94 0
1073 71 0
1074 70 0
1075 85 0
1076 87 0
1077 81 0
1078 96 0
1079 100 1
1080 100 2
1081 83 0
1082 77 0
1083 63 0
1084 54 0
1085 67 0
1086 63 0
1087 78 0
1088 63 0
1089 46 0
1090 58 0
1091 68 0
1092 54 0
1093 65 0
1094 59 0
1095 47 0
1096 47 0
1097 41 0
1098 55 0
1099 42 0
1100 34 0
1101 45 0
1102 29 0
1103 39 0
1104 54 0
1105 69 0
1106 80 0
1107 79 0
1108 76 0
1109 88 0
1110 98 0
1111 81 0
1112 93 0
1113 100 1
1114 100 2
1115 89 0
1116 77 0
1117 90 0
1118 100 1
1119 75 0
1120 86 0
1121 100 1
1122 90 0
1123 100 1
1124 85 0
1125 69 0
1126 83 0
1127 94 0
1128 100 1
1129 74 0
1130 87 0
1131 100 1
1132 87 0
1133 75 0
1134 90 0
1135 100 1
1136 75 0
1137 72 0
1138 56 0
1139 58 0
1140 70 0
1141 81 0
1142 85 0
1143 96 0
1144 100 1
1145 100 2
1146 100 3
1147 78 0
1148 92 0
1149 100 1
1150 84 0
1151 99 0
1152 100 1
1153 86 0
1154 100 1
1155 100 2
1156 100 3
1157 90 0
1158 100 1
1159 100 2
1160 90 0
1161 79 0
1162 91 0
1163 100 1
1164 100 2
1165 100 3
1166 100 4
1167 72 0
1168 85 0
1169 77 0
1170 91 0
1171 100 1
1172 100 2
1173 100 3
1174 78 0
1175 66 0
1176 76 0
1177 60 0
1178 72 0
1179 83 0
1180 64 0
1181 76 0
1182 60 0
1183 71 0
1184 64 0
1185 77 0
1186 89 0
1187 86 0
1188 100 1
1189 100 2
1190 100 3
1191 71 0
1192 64 0
1193 57 0
1194 43 0
1195 34 0
1196 49 0
1197 63 0
1198 47 0
1199 41 0
1200 51 0
1201 42 0
1202 33 0
1203 48 0
1204 42 0
1205 53 0
1206 63 0
1207 65 0
1208 56 0
1209 69 0
1210 83 0
1211 97 0
1212 100 1
1213 100 2
1214 74 0
1215 60 0
1216 70 0
1217 57 0
1218 72 0
1219 83 0
1220 98 0
1221 74 0
1222 57 0
1223 46 0
1224 56 0
1225 70 0
1226 59 0
1227 74 0
1228 89 0
1229 86 0
1230 97 0
1231 100 1
1232 76 0
1233 89 0
1234 99 0
1235 100 1
1236 85 0
1237 69 0
1238 81 0
1239 92 0
1240 85 0
1241 95 0
1242 88 0
1243 88 0
1244 72 0
1245 56 0
1246 43 0
1247 58 0
1248 70 0
1249 66 0
1250 78 0
1251 92 0
1252 78 0
1253 72 0
1254 70 0
1255 58 0
1256 43 0
1257 40 0
1258 32 0
1259 45 0
1260 56 0
1261 66 0
1262 79 0
1263 92 0
1264 100 1
1265 100 2
1266 71 0
1267 55 0
1268 65 0
1269 77 0
1270 90 0
1271 100 1
1272 100 2
1273 100 3
1274 100 4
1275 74 0
1276 72 0
1277 85 0
1278 80 0
1279 66 0
1280 80 0
1281 91 0
1282 72 0
1283 86 0
1284 71 0
1285 59 0
1286 73 0
1287 84 0
1288 97 0
1289 70 0
1290 84 0
1291 94 0
1292 100 1
1293 72 0
1294 84 0
1295 95 0
1296 70 0
1297 70 0
1298 84 0
1299 73 0
1300 66 0
1301 71 0
1302 84 0
1303 95 0
1304 100 1
1305 100 2
1306 71 0
1307 81 0
1308 94 0
1309 75 0
1310 62 0
1311 52 0
1312 62 0
1313 73 0
1314 76 0
1315 68 0
1316 65 0
1317 51 0
1318 41 0
1319 35 0
1320 49 0
1321 31 0
1322 46 0
1323 45 0
1324 33 0
1325 45 0
1326 57 0
1327 71 0
1328 59 0
1329 63 0
1330 48 0
1331 39 0
1332 49 0
1333 63 0
1334 57 0
1335 68 0
1336 78 0
1337 61 0
1338 73 0
1339 87 0
1340 100 1
1341 100 2
1342 87 0
1343 69 0
1344 81 0
1345 77 0
1346 92 0
1347 71 0
1348 69 0
1349 82 0
1350 94 0
1351 100 1
1352 100 2
1353 100 3
1354 76 0
1355 68 0
1356 69 0
1357 84 0
1358 96 0
1359 78 0
1360 71 0
1361 86 0
1362 83 0
1363 94 0
1364 100 1
1365 73 0
1366 60 0
1367 47 0
1368 59 0
1369 43 0
1370 35 0
1371 49 0
1372 31 0
1373 44 0
1374 56 0
1375 69 0
1376 52 0
1377 62 0
1378 42 0
1379 22 0
1380 33 0
1381 46 0
1382 33 0
1383 44 0
1384 57 0
1385 68 0
1386 82 0
1387 76 0
1388 62 0
1389 73 0
1390 53 0
1391 52 0
1392 50 0
1393 60 0
1394 71 0
1395 72 0
1396 57 0
1397 71 0
1398 53 0
1399 38 0
1400 51 0
1401 42 0
1402 39 0
1403 54 0
1404 51 0
1405 45 0
1406 60 0
1407 49 0
1408 59 0
1409 42 0
1410 54 0
1411 51 0
1412 55 0
1413 66 0
1414 79 0
1415 90 0
1416 87 0
1417 98 0
1418 70 0
1419 65 0
1420 75 0
1421 72 0
1422 61 0
1423 46 0
1424 56 0
1425 49 0
1426 60 0
1427 50 0
1428 63 0
1429 78 0
1430 93 0
1431 83 0
1432 76 0
1433 89 0
1434 100 1
1435 100 2
1436 100 3
1437 100 4
1438 86 0
1439 99 0
1440 100 1
1441 100 2
1442 90 0
1443 100 1
1444 100 2
1445 86 0
1446 82 0
1447 64 0
1448 46 0
1449 36 0
1450 49 0
1451 39 0
1452 54 0
1453 55 0
1454 54 0
1455 67 0
1456 57 0
1457 71 0
1458 57 0
1459 45 0
1460 60 0
1461 73 0
1462 86 0
1463 100 1
1464 70 0
1465 81 0
1466 93 0
1467 89 0
1468 99 0
1469 80 0
1470 70 0
1471 63 0
1472 75 0
1473 74 0
1474 60 0
1475 73 0
1476 88 0
1477 100 1
1478 100 2
1479 80 0
1480 93 0
1481 100 1
1482 100 2
1483 82 0
1484 93 0
1485 100 1
1486 100 2
1487 100 3
1488 100 4
1489 100 5
1490 70 0
1491 81 0
1492 95 0
1493 76 0
1494 71 0
1495 64 0
1496 52 0
1497 38 0
1498 53 0
1499 41 0
1500 56 0
1501 71 0
1502 81 0
1503 96 0
1504 100 1
1505 100 2
1506 85 0
1507 72 0
1508 84 0
1509 97 0
1510 86 0
1511 89 0
1512 73 0
1513 63 0
1514 76 0
1515 91 0
1516 100 1
1517 100 2
1518 100 3
1519 100 4
1520 100 5
1521 100 6
1522 86 0
1523 100 1
1524 83 0
1525 64 0
1526 62 0
1527 76 0
1528 63 0
1529 48 0
1530 49 0
1531 52 0
1532 65 0
1533 60 0
1534 71 0
1535 70 0
1536 62 0
1537 46 0
1538 40 0
1539 42 0
1540 34 0
1541 48 0
1542 44 0
1543 54 0
1544 65 0
1545 76 0
1546 88 0
1547 100 1
1548 100 2
1549 100 3
1550 83 0
1551 93 0
1552 100 1
1553 100 2
1554 100 3
1555 87 0
1556 98 0
1557 77 0
1558 72 0
1559 58 0
1560 42 0
1561 53 0
1562 53 0
1563 41 0
1564 41 0
1565 33 0
1566 45 0
1567 47 0
1568 39 0
1569 26 0
1570 36 0
1571 48 0
1572 63 0
1573 58 0
1574 70 0
1575 53 0
1576 42 0
1577 41 0
1578 55 0
1579 51 0
1580 61 0
1581 76 0
1582 66 0
1583 48 0
1584 31 0
1585 45 0
1586 45 0
1587 49 0
1588 31 0
1589 45 0
1590 30 0
1591 44 0
1592 35 0
1593 49 0
1594 40 0
1595 55 0
1596 48 0
1597 59 0
1598 50 0
1599 41 0
1600 40 0
1601 29 0
1602 42 0
1603 55 0
1604 69 0
1605 84 0
1606 70 0
1607 67 0
1608 64 0
1609 79 0
1610 90 0
1611 90 0
1612 87 0
1613 73 0
1614 59 0
1615 74 0
1616 69 0
1617 62 0
1618 62 0
1619 72 0
1620 75 0
1621 72 0
1622 72 0
1623 87 0
1624 97 0
1625 88 0
1626 100 1
1627 100 2
1628 100 3
1629 100 4
1630 100 5
1631 100 6
1632 70 0
1633 85 0
1634 87 0
1635 97 0
1636 100 1
1637 74 0
1638 88 0
1639 99 0
1640 76 0
1641 91 0
1642 79 0
1643 89 0
1644 99 0
1645 81 0
1646 74 0
1647 86 0
1648 74 0
1649 68 0
1650 72 0
1651 86 0
1652 100 1
1653 78 0
1654 90 0
1655 76 0
1656 75 0
1657 88 0
1658 82 0
1659 67 0
1660 79 0
1661 89 0
1662 100 1
1663 100 2
1664 84 0
1665 96 0
1666 100 1
1667 100 2
1668 100 3
1669 100 4
1670 84 0
1671 84 0
1672 75 0
1673 59 0
1674 55 0
1675 35 0
1676 48 0
1677 38 0
1678 50 0
1679 38 0
1680 38 0
1681 52 0
1682 42 0
1683 52 0
1684 63 0
1685 77 0
1686 89 0
1687 100 1
1688 81 0
1689 79 0
1690 65 0
1691 52 0
1692 46 0
1693 32 0
1694 47 0
1695 37 0
1696 47 0
1697 47 0
1698 41 0
1699 26 0
1700 41 0
1701 56 0
1702 70 0
1703 81 0
1704 80 0
1705 73 0
1706 84 0
1707 98 0
1708 100 1
1709 100 2
1710 100 3
1711 100 4
1712 100 5
1713 73 0
1714 57 0
1715 55 0
1716 65 0
1717 75 0
1718 87 0
1719 83 0
1720 75 0
1721 88 0
1722 100 1
1723 100 2
1724 85 0
1725 98 0
1726 77 0
1727 72 0
1728 87 0
1729 76 0
1730 65 0
1731 70 0
1732 70 0
1733 57 0
1734 71 0
1735 58 0
1736 45 0
1737 57 0
1738 59 0
1739 73 0
1740 87 0
1741 99 0
1742 100 1
1743 83 0
1744 96 0
1745 70 0
1746 67 0
1747 67 0
1748 78 0
1749 90 0
1750 100 1
1751 100 2
1752 72 0
1753 84 0
1754 75 0
1755 78 0
1756 93 0
1757 81 0
1758 93 0
1759 100 1
1760 76 0
1761 90 0
1762 100 1
1763 81 0
1764 81 0
1765 77 0
1766 92 0
1767 100 1
1768 100 2
1769 100 3
1770 77 0
1771 74 0
1772 55 0
1773 66 0
1774 61 0
1775 74 0
1776 85 0
1777 98 0
1778 84 0
1779 72 0
1780 86 0
1781 100 1
1782 100 2
1783 100 3
1784 100 4
1785 100 5
1786 72 0
1787 84 0
1788 98 0
1789 100 1
1790 89 0
1791 100 1
1792 100 2
1793 100 3
1794 100 4
1795 100 5
1796 100 6
1797 86 0
1798 87 0
1799 98 0
1800 90 0
1801 100 1
1802 89 0
1803 80 0
1804 91 0
1805 78 0
1806 66 0
1807 79 0
1808 76 0
1809 86 0
1810 76 0
1811 91 0
1812 75 0
1813 86 0
1814 99 0
1815 100 1
1816 100 2
1817 100 3
1818 100 4
1819 100 5
1820 76 0
1821 90 0
1822 72 0
1823 66 0
1824 76 0
1825 89 0
1826 86 0
1827 76 0
1828 86 0
1829 99 0
1830 72 0
1831 83 0
1832 93 0
1833 100 1
1834 100 2
1835 86 0
1836 100 1
1837 77 0
1838 77 0
1839 78 0
1840 93 0
1841 100 1
1842 88 0
1843 100 1
1844 100 2
1845 82 0
1846 92 0
1847 79 0
1848 78 0
1849 93 0
1850 71 0
1851 72 0
1852 84 0
1853 75 0
1854 85 0
1855 98 0
1856 100 1
1857 89 0
1858 99 0
1859 100 1
1860 70 0
1861 71 0
1862 67 0
1863 51 0
1864 44 0
1865 29 0
1866 44 0
1867 35 0
1868 45 0
1869 59 0
1870 70 0
1871 54 0
1872 50 0
1873 53 0
1874 65 0
1875 60 0
1876 73 0
1877 66 0
1878 53 0
1879 51 0
1880 63 0
1881 73 0
1882 88 0
1883 68 0
1884 82 0
1885 97 0
1886 100 1
1887 72 0
1888 64 0
1889 74 0
1890 84 0
1891 96 0
1892 100 1
1893 89 0
1894 100 1
1895 72 0
1896 82 0
1897 80 0
1898 74 0
1899 60 0
1900 74 0
1901 77 0
1902 70 0
1903 63 0
1904 74 0
1905 89 0
1906 74 0
1907 70 0
1908 53 0
1909 56 0
1910 70 0
1911 80 0
1912 93 0
1913 100 1
1914 73 0
1915 74 0
1916 74 0
1917 64 0
1918 75 0
1919 57 0
1920 49 0
1921 60 0
1922 48 0
1923 58 0
1924 52 0
1925 67 0
1926 59 0
1927 46 0
1928 59 0
1929 49 0
1930 41 0
1931 29 0
1932 41 0
1933 33 0
1934 48 0
1935 58 0
1936 72 0
1937 87 0
1938 77 0
1939 61 0
1940 56 0
1941 66 0
1942 77 0
1943 88 0
1944 80 0
1945 93 0
1946 89 0
1947 100 1
1948 100 2
1949 100 3
1950 72 0
1951 86 0
1952 98 0
1953 73 0
1954 65 0
1955 57 0
1956 59 0
1957 47 0
1958 29 0
1959 44 0
1960 59 0
1961 58 0
1962 41 0
1963 42 0
1964 55 0
1965 67 0
1966 81 0
1967 93 0
1968 74 0
1969 89 0
1970 82 0
1971 94 0
1972 100 1
1973 100 2
1974 85 0
1975 97 0
1976 100 1
1977 100 2
1978 100 3
1979 74 0
1980 57 0
1981 46 0
1982 31 0
1983 42 0
1984 54 0
1985 52 0
1986 38 0
1987 50 0
1988 42 0
1989 32 0
1990 46 0
1991 39 0
1992 52 0
1993 66 0
1994 62 0
1995 72 0
1996 83 0
1997 77 0
1998 75 0
1999 89 0
